00000000 160
00000001 184
00000010 96
00000011 168
00000100 120
00000101 88
00000110 80
00000111 40
00001000 180
00001001 244
00001010 76
00001011 184
00001100 164
00001101 176
00001110 112
00001111 104
00010000 148
00010001 88
00010010 4
00010011 128
00010100 144
00010101 240
00010110 8
00010111 164
00011000 176
00011001 148
00011010 136
00011011 248
00011100 184
00011101 72
00011110 228
00011111 132
00100000 88
00100001 64
00100010 56
00100011 152
00100100 244
00100101 184
00100110 228
00100111 116
00101000 88
00101001 12
00101010 216
00101011 88
00101100 196
00101101 20
00101110 196
00101111 148
00110000 16
00110001 136
00110010 100
00110011 112
00110100 192
00110101 48
00110110 16
00110111 32
00111000 0
00111001 96
00111010 176
00111011 228
00111100 208
00111101 232
00111110 52
00111111 224
01000000 40
01000001 40
01000010 228
01000011 20
01000100 36
01000101 208
01000110 232
01000111 48
01001000 240
01001001 68
01001010 40
01001011 56
01001100 64
01001101 168
01001110 148
01001111 20
01010000 248
01010001 128
01010010 176
01010011 56
01010100 16
01010101 64
01010110 240
01010111 104
01011000 132
01011001 240
01011010 208
01011011 208
01011100 152
01011101 120
01011110 148
01011111 48
01100000 244
01100001 184
01100010 64
01100011 200
01100100 192
01100101 180
01100110 208
01100111 4
01101000 184
01101001 0
01101010 12
01101011 196
01101100 112
01101101 40
01101110 168
01101111 192
01110000 48
01110001 16
01110010 84
01110011 200
01110100 200
01110101 100
01110110 152
01110111 176
01111000 248
01111001 128
01111010 20
01111011 0
01111100 76
01111101 208
01111110 120
01111111 232
10000000 88
10000001 240
10000010 244
10000011 68
10000100 144
10000101 116
10000110 40
10000111 232
10001000 232
10001001 68
10001010 56
10001011 184
10001100 136
10001101 224
10001110 168
10001111 52
10010000 56
10010001 168
10010010 140
10010011 8
10010100 160
10010101 152
10010110 68
10010111 104
10011000 112
10011001 120
10011010 48
10011011 200
10011100 244
10011101 228
10011110 200
10011111 164
10100000 40
10100001 212
10100010 72
10100011 212
10100100 116
10100101 20
10100110 116
10100111 196
10101000 192
10101001 248
10101010 4
10101011 104
10101100 20
10101101 144
10101110 208
10101111 104
10110000 112
10110001 16
10110010 168
10110011 128
10110100 128
10110101 224
10110110 4
10110111 4
10111000 36
10111001 212
10111010 248
10111011 32
10111100 192
10111101 80
10111110 160
10111111 148
11000000 40
11000001 76
11000010 16
11000011 100
11000100 16
11000101 24
11000110 136
11000111 144
11001000 160
11001001 244
11001010 12
11001011 160
11001100 16
11001101 136
11001110 248
11001111 208
11010000 0
11010001 140
11010010 136
11010011 228
11010100 48
11010101 84
11010110 136
11010111 248
11011000 80
11011001 56
11011010 228
11011011 40
11011100 36
11011101 184
11011110 64
11011111 100
11100000 160
11100001 152
11100010 96
11100011 56
11100100 12
11100101 0
11100110 104
11100111 240
11101000 168
11101001 152
11101010 152
11101011 240
11101100 0
11101101 192
11101110 192
11101111 88
11110000 240
11110001 200
11110010 100
11110011 12
11110100 208
11110101 84
11110110 180
11110111 152
11111000 232
11111001 76
11111010 232
11111011 4
11111100 176
11111101 224
11111110 132
11111111 216
