6 *
2 3 4 5 6 7
11 *
0 1 3 4 5 6 7 8 9 10 11
3 *
0 3 6
1 75
12
1 68
15
12 *
0 1 2 4 5 6 7 9 10 11 12 13
1 81
0
1 61
1
2 *
0 1
1 *
1
1 82
1
1 87
1
1 135
11
1 *
1
2 *
3 10
1 73
8
16 *
0 1 3 4 5 6 7 8 9 10 11 12 13 17 18 19
1 70
4
5 *
5 6 10 12 19
2 *
0 1
1 70
15
1 47
8
1 40
5
4 *
1 3 5 7
1 64
6
16 *
0 1 2 3 4 7 10 11 13 14 15 16 17 18 19 20
16 *
1 3 4 5 7 8 9 10 11 13 14 15 16 17 18 19
1 84
7
1 36
2
1 6
0
1 *
1
1 93
1
1 *
10
1 86
7
1 45
11
1 *
0
1 56
0
1 35
1
1 14
2
14 *
0 1 2 3 4 5 7 9 10 11 12 15 18 19
15 *
0 2 3 4 5 6 7 9 10 11 12 13 14 15 16
11 *
0 1 4 5 7 10 12 13 14 15 16
1 24
0
1 20
14
1 82
0
1 53
5
11 *
0 1 2 4 5 6 7 8 10 11 12
12 *
0 1 2 3 4 6 7 8 9 10 11 12
1 69
2
1 19
9
1 *
3
1 106
9
1 88
0
4 *
1 4 5 9
1 36
2
3 *
1 2 3
10 *
0 1 2 3 4 5 6 7 9 10
1 23
3
1 72
0
3 *
2 3 4
9 *
0 1 2 3 4 5 6 7 8
1 96
1
1 140
5
1 143
12
11 *
0 1 2 3 4 5 6 7 8 9 10
1 138
8
1 *
1
1 84
19
1 *
13
1 27
16
2 *
0 1
9 *
0 1 2 3 4 5 6 7 8
7 *
1 2 3 4 5 6 7
4 *
1 2 4 6
3 *
1 7 8
1 *
1
4 *
3 6 7 8
3 *
0 1 2
2 *
1 9
1 78
14
5 *
0 1 2 3 4
1 60
2
7 *
0 1 3 4 5 6 7
1 39
1
1 97
3
1 94
1
10 *
0 1 3 4 5 7 8 9 10 11
15 *
0 1 2 3 4 5 6 7 8 9 10 11 12 13 14
1 121
17
7 *
0 1 2 3 4 5 6
1 *
2
1 107
2
2 *
0 1
1 67
0
1 *
2
1 153
5
12 *
0 1 2 3 5 6 7 8 9 11 14 15
1 41
9
1 61
5
1 *
9
4 *
0 1 2 3
7 *
3 6 9 10 11 13 15
11 *
0 1 2 3 4 5 6 7 8 9 10
1 81
3
5 *
2 4 5 6 7
3 *
2 3 6
4 *
0 3 11 14
1 91
10
1 56
3
5 *
2 3 4 6 7
18 *
0 1 2 3 4 5 6 7 8 9 10 11 12 13 14 15 16 17
2 *
0 6
1 91
12
6 *
0 1 2 4 5 11
1 52
0
7 *
0 1 2 3 4 5 6
1 *
3
11 *
0 1 2 3 4 5 6 7 8 9 10
21 *
0 1 2 3 4 5 6 7 8 9 10 11 12 13 14 15 16 17 18 19 20
1 28
1
1 173
8
1 98
10
1 6
7
1 16
1
6 *
1 3 4 5 6 7
4 *
0 1 3 8
2 *
0 2
1 72
9
15 *
0 1 2 3 4 5 6 8 9 10 11 12 13 15 16
4 *
0 1 4 5
1 22
14
1 131
6
1 25
9
1 21
4
1 100
0
3 *
1 4 6
1 *
1
3 *
1 6 7
2 *
0 1
19 *
0 3 4 5 6 7 8 9 10 11 12 13 14 15 16 17 18 19 20
2 *
0 1
9 *
1 3 4 5 6 9 10 12 13
1 23
10
2 *
2 5
7 *
3 5 6 7 12 14 17
1 41
6
2 *
1 4
1 47
7
1 16
0
4 *
0 2 3 5
1 7
9
5 *
0 2 3 4 5
6 *
0 1 2 3 4 5
8 *
1 2 3 4 5 7 10 13
1 71
5
4 *
2 4 10 14
1 119
2
1 65
11
1 64
2
1 87
1
7 *
0 2 3 5 6 12 14
1 55
6
2 *
0 1
7 *
0 1 2 3 4 5 6
6 *
0 1 2 4 6 7
1 140
9
1 67
5
1 121
2
10 *
0 7 10 11 12 14 15 16 17 19
3 *
0 2 7
1 50
1
1 94
4
1 88
13
1 67
5
7 *
0 2 3 4 5 6 7
1 *
7
4 *
0 10 11 14
1 44
0
1 90
2
1 *
2
1 75
0
1 97
0
1 31
7
1 44
6
1 33
4
5 *
0 1 2 3 4
1 *
1
11 *
0 1 2 3 4 5 6 7 8 9 10
4 *
0 3 4 6
12 *
0 1 2 3 4 5 10 11 14 15 17 18
1 19
1
6 *
0 1 2 3 4 5
1 20
4
2 *
0 1
1 50
2
2 *
0 1
1 69
4
1 74
11
1 79
1
3 *
13 15 18
2 *
8 9
1 84
8
2 *
0 1
1 60
3
1 51
5
1 35
8
1 54
0
21 *
0 1 2 3 4 5 6 7 8 9 10 11 12 13 14 15 16 17 18 19 20
1 48
4
4 *
0 2 3 4
3 *
1 2 3
17 *
0 1 2 3 4 5 6 7 8 9 10 11 12 13 15 16 17
1 79
0
1 5
4
4 *
0 1 2 3
10 *
0 1 2 4 5 6 7 8 10 11
2 *
1 5
8 *
0 2 3 4 5 6 7 8
2 63
0 3
12 *
0 2 6 7 8 10 12 13 15 16 17 18
1 21
7
1 *
9
13 *
0 1 2 3 4 5 6 7 8 9 11 12 15
10 *
0 2 7 8 11 12 14 15 18 20
1 *
4
1 87
7
3 *
0 1 2
2 *
2 4
6 *
2 4 5 6 8 11
7 *
0 1 2 3 4 5 6
2 *
0 1
15 *
0 1 2 3 4 5 6 7 8 9 10 11 12 13 14
1 34
3
1 2
8
1 53
3
1 *
1
1 35
0
6 *
0 2 3 8 9 15
1 *
13
13 *
0 2 4 5 6 7 8 9 10 11 13 15 16
1 21
4
1 *
3
1 49
2
1 32
3
1 *
0
3 *
1 3 8
1 10
6
4 *
0 1 2 7
2 *
0 1
5 *
0 1 2 3 4
16 *
0 1 2 3 4 5 6 7 8 9 10 11 12 13 14 15
1 69
3
2 *
0 1
14 *
0 1 2 3 4 5 6 7 8 9 10 11 12 13
1 89
2
3 *
2 4 9
2 *
0 1
1 16
2
1 218
7
3 *
0 1 2
2 *
0 13
1 64
10
6 *
1 5 6 8 9 10
3 *
0 1 2
4 *
0 1 2 4
1 *
1
1 88
5
1 131
11
3 *
2 10 17
3 *
1 3 11
3 *
0 1 2
1 88
1
10 *
0 2 8 10 11 13 16 17 19 20
2 *
6 7
7 *
1 2 3 4 5 6 7
1 *
1
1 137
2
1 14
2
3 *
0 1 2
1 *
2
11 *
0 1 2 3 4 5 6 8 10 11 12
1 60
12
1 84
8
1 102
16
1 106
7
6 *
1 2 3 4 5 7
6 *
0 1 4 5 6 7
1 *
0
1 84
5
16 *
0 1 2 3 4 5 6 7 8 10 11 12 13 14 15 16
1 48
1
1 *
0
1 *
13
1 46
9
1 46
1
9 *
0 1 2 3 4 5 6 7 8
3 *
0 1 5
8 *
0 1 2 3 4 5 6 7
5 *
2 3 4 5 7
1 41
4
12 *
0 1 2 3 4 5 6 7 8 9 10 11
17 *
0 1 2 3 4 5 6 7 8 9 10 11 12 13 14 15 16
10 *
0 1 2 3 5 6 7 8 9 10
1 11
8
1 *
18
2 *
0 1
2 *
5 15
1 *
2
1 28
0
4 *
2 4 8 12
1 *
10
3 *
2 5 7
2 *
0 1
7 *
0 1 3 8 11 12 13
1 4
7
9 *
0 1 2 3 4 5 6 7 8
1 40
0
1 124
13
19 *
0 1 2 3 4 5 6 7 8 9 10 11 12 13 14 15 16 18 19
4 *
1 2 3 6
2 *
0 1
1 *
0
5 *
0 1 2 3 4
1 108
8
14 *
0 1 2 3 4 5 6 10 11 12 13 14 15 16
1 19
3
3 *
1 2 3
1 *
1
4 *
0 1 3 5
11 *
0 1 2 3 5 8 9 10 12 14 15
1 55
14
9 *
1 2 3 4 5 6 7 8 9
1 *
1
1 39
9
1 *
0
1 *
3
2 *
13 17
1 *
11
11 *
0 2 3 4 5 6 7 8 10 11 12
1 181
2
1 *
15
3 *
0 1 2
12 *
0 1 2 3 4 5 6 7 8 10 11 12
8 *
1 3 4 5 7 8 9 12
7 *
0 1 2 3 4 6 8
14 *
0 1 2 3 4 5 6 7 8 9 10 11 12 13
1 23
2
1 12
5
3 *
3 6 7
1 84
1
5 *
0 1 2 3 4
1 87
6
10 *
0 1 2 3 4 6 7 8 10 11
1 *
1
1 33
6
4 *
6 7 14 15
5 *
1 3 13 16 17
13 *
0 1 2 3 4 5 6 7 8 10 11 12 13
2 *
0 1
10 *
1 2 6 9 10 11 12 15 16 17
1 *
6
1 70
7
1 143
7
1 32
8
6 *
0 3 5 6 12 16
13 *
0 1 2 3 4 5 6 7 9 11 12 13 14
6 *
1 2 3 4 5 6
1 62
9
1 112
0
1 *
12
1 87
15
2 *
0 1
1 *
0
1 *
14
1 21
3
1 *
4
1 65
15
1 *
2
3 *
2 3 4
16 *
1 2 3 4 6 7 8 10 11 12 13 15 16 17 19 20
6 *
0 1 2 3 5 6
1 10
1
21 *
0 1 2 3 4 5 6 7 8 9 10 11 12 13 14 15 16 17 18 19 20
1 44
8
3 *
6 13 14
8 *
0 1 2 3 4 6 7 8
1 71
6
1 250
3
2 *
2 5
7 *
0 2 3 4 5 6 7
1 39
6
1 51
2
9 *
1 3 4 5 6 7 10 11 12
1 72
7
1 62
9
2 *
5 6
7 *
0 5 6 7 8 9 10
11 *
0 1 2 3 4 5 6 8 9 10 11
11 *
0 2 3 4 5 6 7 8 10 11 12
4 *
0 1 2 4
1 108
6
8 *
1 2 7 8 10 11 15 16
6 *
1 4 5 6 7 8
5 *
0 1 2 5 6
1 *
1
1 *
10
1 *
3
1 *
2
4 *
0 1 2 7
7 *
0 1 2 3 4 5 6
1 102
11
5 *
0 1 2 3 4
12 *
0 1 2 4 5 6 7 8 9 10 11 12
1 46
3
1 36
7
2 *
0 1
10 *
0 2 4 6 7 8 9 11 15 16
8 *
1 2 4 9 10 12 15 19
1 105
7
1 99
2
1 49
0
17 *
0 1 2 3 4 5 6 7 8 9 10 11 12 13 14 15 16
1 15
2
13 *
0 1 2 4 5 6 7 8 9 10 11 12 13
5 *
0 1 2 3 4
1 40
7
1 47
0
1 117
0
4 *
0 1 2 3
1 20
0
1 82
9
3 *
0 1 3
1 78
8
6 *
4 9 12 15 19 20
13 *
0 1 2 3 4 5 6 7 8 9 10 11 12
10 *
0 1 2 3 4 5 6 7 8 9
1 26
0
2 *
7 13
1 51
2
1 29
0
2 *
0 1
1 *
1
1 *
0
10 *
3 5 11 12 13 14 15 16 18 19
2 79
1 13
1 59
13
1 137
5
1 69
3
2 *
0 1
1 *
1
1 115
11
3 *
0 1 2
5 *
1 2 3 4 5
1 21
3
1 29
1
1 172
2
1 61
9
1 13
5
1 *
1
1 25
1
4 *
7 12 13 14
1 80
0
1 9
5
4 *
2 5 11 16
13 *
0 1 2 3 4 6 7 8 9 10 11 12 13
15 *
0 1 2 3 4 6 7 8 9 10 11 12 15 16 17
3 *
0 1 2
2 *
1 8
2 *
0 1
1 *
1
1 118
3
1 189
11
1 51
1
11 *
0 1 3 4 5 6 7 8 9 10 11
3 *
3 8 12
7 *
0 1 3 4 5 6 7
5 *
0 1 2 3 4
2 *
0 1
1 82
1
1 64
4
1 37
13
4 *
1 2 3 4
1 23
2
1 215
3
8 *
0 1 2 3 5 7 8 10
1 20
9
1 85
2
6 *
5 7 8 10 11 12
1 64
3
9 *
0 1 2 3 4 5 6 7 8
7 *
0 2 4 5 11 14 16
1 25
4
1 55
7
1 49
7
1 226
1
7 *
0 1 2 3 4 5 6
1 187
4
1 41
13
1 40
7
1 134
10
1 102
1
8 *
0 1 2 3 4 5 7 8
1 38
6
1 51
1
5 *
7 8 9 13 14
1 *
2
1 62
6
10 *
1 3 5 7 9 13 15 16 17 18
1 77
5
2 *
0 2
1 69
11
15 *
0 1 2 3 5 6 7 8 9 10 11 12 13 14 15
1 51
11
12 *
0 1 3 4 5 6 7 10 11 13 14 16
1 104
1
1 13
2
1 75
2
13 *
0 2 3 4 5 6 8 9 10 11 12 13 14
2 *
0 2
1 *
5
1 73
1
2 *
6 7
1 *
16
19 *
0 1 2 3 4 5 6 7 8 9 10 11 12 13 14 15 16 17 18
1 13
6
1 9
2
15 *
0 1 2 3 4 5 6 7 8 9 10 11 12 13 14
1 *
6
4 *
1 4 6 10
1 212
2
15 *
1 2 3 5 6 7 9 10 12 14 15 17 18 19 20
1 113
1
2 *
7 11
1 60
7
1 74
2
3 *
0 2 4
17 *
0 1 2 3 5 6 7 8 9 10 11 14 15 17 18 19 20
2 *
0 2
2 *
0 1
11 *
0 1 2 4 5 6 7 8 9 10 11
7 *
0 1 2 3 6 7 11
4 *
0 1 2 3
1 60
10
5 *
0 1 2 3 5
1 115
5
1 *
3
2 *
3 5
4 *
1 5 9 10
6 *
0 1 2 3 4 5
5 *
0 1 7 8 9
1 *
1
3 *
3 14 17
1 *
5
7 *
0 1 2 3 4 5 6
1 21
10
1 61
9
1 171
4
15 *
0 1 2 5 7 9 10 11 12 13 14 15 16 17 18
1 49
5
19 *
0 1 2 3 4 5 6 7 8 9 10 11 12 13 14 15 16 17 18
1 43
10
8 *
0 1 3 4 5 6 8 11
1 *
2
8 *
3 4 5 6 8 9 12 14
1 55
14
1 41
9
5 *
1 2 3 4 5
1 124
2
9 *
3 5 6 7 12 13 14 15 19
5 *
0 1 2 3 4
1 62
8
1 42
1
1 39
5
1 77
4
2 *
0 4
2 *
0 1
1 *
1
1 58
0
4 *
0 7 12 14
1 60
1
5 *
0 1 2 3 4
1 86
6
2 *
0 1
1 *
4
2 *
4 7
1 *
2
1 *
2
19 *
0 1 2 3 4 5 6 7 8 9 10 11 12 13 14 15 16 17 18
1 59
5
3 *
0 1 2
12 *
0 1 2 3 4 5 6 7 8 9 11 12
2 *
1 5
1 31
5
3 *
1 2 4
7 *
1 2 3 5 7 8 9
2 69
10 12
1 81
12
2 *
1 2
8 *
0 1 2 3 4 5 8 10
17 *
0 1 2 4 5 6 7 8 9 10 11 12 13 14 15 16 17
3 *
0 1 2
1 19
0
12 *
0 2 3 4 5 8 9 13 15 16 17 18
2 *
6 9
4 *
0 1 2 3
4 *
0 1 2 3
1 17
9
1 134
4
2 *
6 7
1 82
0
1 125
11
4 *
0 3 6 7
1 *
13
6 *
0 2 3 4 5 6
7 *
4 7 8 9 11 13 15
3 *
7 13 18
3 *
1 3 5
1 77
2
1 *
7
1 93
2
1 *
0
1 50
6
1 47
3
3 *
0 1 2
1 20
0
4 *
0 1 2 3
1 *
0
1 75
6
1 58
15
2 *
0 2
1 *
7
1 31
2
2 106
1 8
2 *
0 1
3 *
0 2 3
6 *
0 1 2 3 5 6
7 *
0 1 2 3 6 8 9
1 71
13
1 90
16
1 59
11
1 82
5
1 86
2
1 *
1
2 *
0 1
6 *
2 3 5 6 7 9
1 22
3
1 29
2
1 67
2
2 *
0 1
1 12
1
1 *
0
12 *
0 1 2 4 5 8 9 10 11 13 14 16
1 *
3
1 84
1
1 85
9
1 53
5
7 *
0 1 2 3 4 5 6
1 *
0
1 74
2
1 *
6
6 *
0 1 2 3 4 5
4 *
1 4 5 6
3 *
0 1 2
7 *
2 3 4 5 6 7 12
1 66
0
1 56
10
