10011010
01010011
11100000
01001110
11010000
10010011
11100110
00000110
00110100
11010001
00110000
01110011
01010010
00100000
11110011
01011010
11100101
10111011
10101100
01001110
00110000
00110010
01110011
01111011
01110110
11101101
10110100
10100000
11111101
01000111
11010101
10011111
01111010
01010101
10100100
01110010
00111001
00101000
10110101
10101001
10010111
00100101
01010010
10010100
10011100
01110101
10010111
00000110
10110101
01100111
10011010
00111000
01101111
00110011
01100000
01001010
00101110
10010000
10011100
10000010
10110110
00000100
01000010
00101110
00011111
00011111
10000101
11111100
00111100
01111001
11001010
11000111
00010000
11101011
00000000
11011011
10011000
01100011
00001001
00010100
01001100
11101010
00000001
00110010
00011111
11000010
01001101
01100111
00011110
11000111
01100101
00110110
00010111
11110100
11011011
11100011
01111010
11000011
00000110
00101001
00001011
10011100
01001111
10101101
01110011
11000001
00100000
10101110
10111011
00110101
00010110
00011011
00001000
10000111
00000111
00000110
10110001
10110001
10111000
00011111
10110110
11100111
01010100
10111101
00011111
11000110
10111110
01011001
10001101
01000011
10101011
01101111
11110110
11000000
11010001
10110100
10100000
00010000
10011001
00000110
01011111
11001011
10101101
00110010
01001010
11000011
11100101
10110001
11001011
10010110
01010101
00000101
01101011
00110001
10000100
00110110
01011010
01100000
10111001
10011110
01001100
01111000
11101000
11100010
01110011
10110100
01000011
01000010
11100110
11111100
01000100
11001101
10111111
11101111
10100001
01011100
11110111
11101111
11001101
11101101
10110000
01010010
01001001
11010011
00110000
10101000
11101100
00100101
01001001
00011001
11001100
11010001
00101101
11000100
00001110
01001010
00101011
10001001
01000101
11000011
11100110
11001111
01100010
11100000
11011110
10100101
01000010
10100000
00111001
00011101
11010111
11010011
00111010
00100011
11111000
11010110
00001100
00011000
11100000
00110010
11110100
10111001
10110001
00000110
01001111
01011011
01111010
10000000
11111101
00101001
01100010
11011001
01110010
100000000
11100011
00010000
00110101
10001001
00100111
10110110
10110000
01011000
10111110
01100010
10100101
01010010
11010101
10100100
10101111
10100101
10001001
00111100
00000100
10101100
11111010
100000000
11000011
10000010
00000010
01111000
10101110
11010010
00001001
11111001
10011001
00100100
01000011
01000010
00011110
00010001
10101001
00010001
10000010
01000001
01101010
00011001
00101000
01101011
00011010
01100001
00110101
01001110
01110001
01111110
10111111
10010010
11111010
01000100
11111111
00101100
01011001
10100101
01100011
11100000
10110110
11010100
01010111
00110000
01010001
11110111
00000000 11001110
00000001 10101101
00000010 10111101
00000011 10110101
00000100 10100011
00000101 01111111
00000110 11011100
00000111 10100011
00001000 01000010
00001001 11111001
00001010 01100100
00001011 00100000
00001100 11111010
00001101 10101010
00001110 01011101
00001111 00001011
00010000 00001101
00010001 10100100
00010010 11110000
00010011 01110001
00010100 01110110
00010101 10001011
00010110 01011101
00010111 00101100
00011000 00011011
00011001 11100010
00011010 11011111
00011011 01100111
00011100 11010111
00011101 11100111
00011110 00101101
00011111 01000101
00100000 01001100
00100001 00010110
00100010 11100000
00100011 00101101
00100100 11100011
00100101 11111101
00100110 01000110
00100111 10100101
00101000 00101000
00101001 01111011
00101010 11010010
00101011 10110000
00101100 00100100
00101101 11111010
00101110 11111001
00101111 10101100
00110000 01100101
00110001 01101110
00110010 10000100
00110011 00010010
00110100 11000101
00110101 01101100
00110110 10011001
00110111 11001100
00111000 01100010
00111001 01000101
00111010 11111000
00111011 11011101
00111100 10110010
00111101 10100100
00111110 00011000
00111111 01010010
01000000 00101110
01000001 10011100
01000010 10011110
01000011 00100011
01000100 01010101
01000101 11010111
01000110 10111000
01000111 10001110
01001000 00000000
01001001 01110111
01001010 01011010
01001011 01010011
01001100 11010010
01001101 11100110
01001110 01001001
01001111 00010001
01010000 01001001
01010001 10111000
01010010 10101001
01010011 01000001
01010100 11010100
01010101 11111111
01010110 11001000
01010111 01110111
01011000 00110101
01011001 10010010
01011010 00000001
01011011 10001100
01011100 00010110
01011101 11101100
01011110 10000111
01011111 11001101
01100000 00110101
01100001 00001101
01100010 11111100
01100011 11000100
