00000000 01000100
00000001 00110010
00000010 01111000
00000011 01010011
00000100 01000010
00000101 10100101
00000110 10010100
00000111 01111101
00001000 01110000
00001001 10000100
00001010 10111101
00001011 10011011
00001100 11000010
00001101 00011100
00001110 01001010
00001111 00110011
00010000 00111110
00010001 10110100
00010010 00011111
00010011 10011101
00010100 01010011
00010101 00011110
00010110 10111000
00010111 00011100
00011000 01001100
00011001 01011000
00011010 10010010
00011011 11000100
00011100 10101000
00011101 00000101
00011110 01100000
00011111 00000001
00100000 10000011
00100001 01100001
00100010 00101011
00100011 01110010
00100100 01001011
00100101 01101010
00100110 10111111
00100111 01010001
00101000 00100000
00101001 01011101
00101010 11000010
00101011 00000011
00101100 10100101
00101101 11000101
00101110 01110010
00101111 00011111
00110000 01010000
00110001 00000000
00110010 01110111
00110011 10011101
00110100 01101000
00110101 01110000
00110110 01001110
00110111 11000011
00111000 01001011
00111001 00101000
00111010 01111011
00111011 01100000
00111100 01111011
00111101 10001101
00111110 00000011
00111111 00101000
01000000 01101100
01000001 10110000
01000010 00010010
01000011 01011111
01000100 10011101
01000101 10111111
01000110 01101011
01000111 10000001
01001000 10001010
01001001 10110001
01001010 10111001
01001011 01000011
01001100 10010011
01001101 01101011
01001110 00111101
01001111 00001110
01010000 00111100
01010001 10100100
01010010 00011100
01010011 01010110
01010100 10011101
01010101 01010011
01010110 11000010
01010111 00110100
01011000 01000110
01011001 01001001
01011010 01101111
01011011 00100000
01011100 10100101
01011101 00010001
01011110 10100110
01011111 10010010
01100000 00100110
01100001 00001110
01100010 10000100
01100011 01000001
01100100 01110001
01100101 01010101
01100110 10101010
01100111 10011101
01101000 00110000
01101001 01100111
01101010 10010011
01101011 00111100
01101100 10010110
01101101 01100101
01101110 00010110
01101111 10101010
01110000 00001000
01110001 01000010
01110010 10100001
01110011 00010010
01110100 11001000
01110101 00111010
01110110 10101000
01110111 00101011
01111000 00111000
01111001 01010001
01111010 01011001
01111011 01001010
01111100 01011111
01111101 10011101
01111110 00000000
01111111 01111001
10000000 01000110
10000001 10110001
10000010 00011110
10000011 11000010
10000100 00011110
10000101 10110010
10000110 01110001
10000111 10010010
10001000 01010100
10001001 00111100
10001010 10110111
10001011 00011100
10001100 00010010
10001101 11000110
10001110 01110100
10001111 10110000
10010000 10010111
10010001 10011000
10010010 10110000
10010011 00010110
10010100 10101000
10010101 10110100
10010110 01111010
10010111 00001001
10011000 00111000
10011001 01101110
10011010 10111001
10011011 10000101
10011100 01010100
10011101 10000110
10011110 11000101
10011111 10001010
10100000 10001011
10100001 00011010
10100010 00111010
10100011 01110010
10100100 11000100
10100101 00010111
10100110 01001010
10100111 01000010
10101000 01000100
10101001 01110010
10101010 00111100
10101011 00010001
10101100 01001000
10101101 10100110
10101110 10101110
10101111 00100000
10110000 10110110
10110001 01110101
10110010 01110111
10110011 01010001
10110100 10000100
10110101 00001100
10110110 00000011
10110111 00110010
10111000 00110001
10111001 01111011
10111010 01111110
10111011 10001000
10111100 10101001
10111101 11001000
10111110 01101110
10111111 00101010
11000000 10000101
11000001 00000110
11000010 00010111
11000011 10101010
11000100 01000011
11000101 00101010
11000110 10011111
11000111 01110010
11001000 01110101
11001001 10100111
11001010 10010010
11001011 00010010
11001100 01010000
11001101 00100011
11001110 01011001
11001111 00110111
11010000 11000010
11010001 01000101
11010010 00000111
11010011 00011010
11010100 01000000
11010101 01111111
11010110 10000011
11010111 10101001
11011000 11000100
11011001 00000000
11011010 10110111
11011011 10101100
11011100 01111000
11011101 01110111
11011110 00010011
11011111 10011010
11100000 10110111
11100001 00010111
11100010 00010001
11100011 00011100
11100100 01001100
11100101 00010100
11100110 10110000
11100111 01000111
11101000 00011111
11101001 11000010
11101010 00001100
11101011 10110001
11101100 01110000
11101101 10011100
11101110 01101000
11101111 01010001
11110000 00010111
11110001 10000111
11110010 00101101
11110011 00111100
11110100 10110001
11110101 00111100
11110110 01000010
11110111 00001110
11111000 00100000
11111001 00111011
11111010 10001110
11111011 10111010
11111100 10000100
11111101 01001111
11111110 00001101
11111111 00110101
